
 66

((((((((((((((Capitella_: 0.134289, Pomatocero: 0.160883): 0.017384, Alvinella_: 0.136382): 0.007827, (Helobdella: 0.116845, Tubifex_tu: 0.099559): 0.053840): 0.029169, (((Aplysia_ca: 0.126247, Lottia_gig: 0.171121): 0.029469, (Crassostre: 0.094177, Mytilus_ga: 0.105968): 0.038268): 0.018105, Euprymna_s: 0.192567): 0.025950): 0.020525, ((Brachionus: 0.232195, Philodina_: 0.250207): 0.072452, (Flaccisagi: 0.062296, Spadella_c: 0.052162): 0.191519): 0.021726): 0.010088, ((((((((((Rhodnius_p: 0.142722, Tribolium_: 0.098794): 0.012938, Gryllus_bi: 0.086692): 0.039589, Onychiurus: 0.201814): 0.021810, Daphnia_pu: 0.155194): 0.019635, Litopenaeu: 0.234525): 0.028127, Scutigera_: 0.095475): 0.006223, ((Acanthoscu: 0.102180, Ixodes_sca: 0.131496): 0.038984, Anoplodact: 0.138667): 0.016153): 0.017127, Euperipato: 0.142744): 0.015044, Caenorhabd: 0.415848): 0.010494, Priapulus_: 0.198244): 0.013311): 0.022892, ((((((((((Homo_sapie: 0.005579, Mus_muscul: 0.007441): 0.012530, Ornithorhy: 0.029592): 0.012096, Gallus_gal: 0.024927): 0.015816, Xenopus_tr: 0.038667): 0.013897, Danio_reri: 0.051128): 0.012286, Leucoraja_: 0.063603): 0.032157, (Eptatretus: 0.139842, Petromyzon: 0.064689): 0.028247): 0.063752, (Ciona_inte: 0.125836, Molgula_te: 0.135813): 0.118464): 0.021110, Branchiost: 0.145254): 0.013370, (((Holothuria: 0.154951, Strongyloc: 0.128125): 0.016293, Patiria_pe: 0.121494): 0.049925, (Ptychodera: 0.054909, Saccogloss: 0.075592): 0.063401): 0.027454): 0.010813): 0.010650, (Symsagitti: 0.510176, Xenoturbel: 0.202614): 0.027786): 0.036751, (((Anemonia_v: 0.081344, Nematostel: 0.061193): 0.040592, Acropora_m: 0.116895): 0.047699, (Hydra_magn: 0.105250, Hydractini: 0.085729): 0.148252): 0.030328): 0.012287, Trichoplax: 0.247961): 0.010775, (Pleurobrachiapileus: 0.074698, (Mnemiopsisleidyi: 0.056457, mertensiidsp: 0.057104): 0.022902): 0.305526): 0.007134, (Amphimedon: 0.171908, Suberites_: 0.155304): 0.092173): 0.063853, ((MonosigaXbrevicollis: 0.179330, Proterospongiasp: 0.279536): 0.102744, MonosigaXovata: 0.232683): 0.084003): 0.049229, Capsasporaowczarzaki: 0.266030, (((Phycomycesblakesleeanus: 0.074601, RhizopusXoryzae: 0.073846): 0.132714, AllomycesXmacrogynus: 0.230851): 0.029722, (Spizellomycespunctatus: 0.100042, Batrachochytriumdendrobatidis: 0.167538): 0.067588): 0.167683);

  0.049229  0.063853  0.007134  0.010775  0.012287  0.036751  0.010650  0.022892  0.010088  0.020525  0.029169  0.007827  0.017384  0.134289  0.160883  0.136382  0.053840  0.116845  0.099559  0.025950  0.018105  0.029469  0.126247  0.171121  0.038268  0.094177  0.105968  0.192567  0.021726  0.072452  0.232195  0.250207  0.191519  0.062296  0.052162  0.013311  0.010494  0.015044  0.017127  0.006223  0.028127  0.019635  0.021810  0.039589  0.012938  0.142722  0.098794  0.086692  0.201814  0.155194  0.234525  0.095475  0.016153  0.038984  0.102180  0.131496  0.138667  0.142744  0.415848  0.198244  0.010813  0.013370  0.021110  0.063752  0.032157  0.012286  0.013897  0.015816  0.012096  0.012530  0.005579  0.007441  0.029592  0.024927  0.038667  0.051128  0.063603  0.028247  0.139842  0.064689  0.118464  0.125836  0.135813  0.145254  0.027454  0.049925  0.016293  0.154951  0.128125  0.121494  0.063401  0.054909  0.075592  0.027786  0.510176  0.202614  0.030328  0.047699  0.040592  0.081344  0.061193  0.116895  0.148252  0.105250  0.085729  0.247961  0.305526  0.074698  0.022902  0.056457  0.057104  0.092173  0.171908  0.155304  0.084003  0.102744  0.179330  0.279536  0.232683  0.266030  0.167683  0.029722  0.132714  0.074601  0.073846  0.230851  0.067588  0.100042  0.167538

  0.009431  0.006566 -0.031787 -0.014109  0.023575 -0.009264 -0.008639  0.009389  0.000000  0.000000  0.000000 -0.034365  0.000000  0.000000  0.000000  0.026892  0.021817  0.029447  0.010323  0.020141  0.006003  0.009047  0.030751  0.000000 -0.018781  0.000000 -0.005263 -0.009518  0.007691 -0.007056  0.000000  0.010010  0.015144 -0.011233 -0.011618  0.000000 -0.025633  0.022651 -0.007153  0.000000 -0.010474  0.000000  0.000000  0.015398  0.006034 -0.006367 -0.007152  0.020087  0.000000  0.019903  0.014616 -0.005313  0.000000 -0.015406 -0.005017  0.000000 -0.019170  0.000000 -0.008017  0.009473 -0.017851  0.005170 -0.006270  0.000000 -0.009869  0.010063 -0.013491 -0.021202  0.013515  0.013510 -0.036757 -0.049689  0.006219 -0.009939 -0.011769 -0.013290  0.009304 -0.010190 -0.006894 -0.010388 -0.020557  0.000000 -0.023061 -0.010165  0.000000  0.000000  0.011455  0.005544  0.000000  0.009342  0.000000  0.000000  0.000000  0.017557  0.000000  0.017424 -0.008757  0.017501  0.000000 -0.007536  0.006582  0.017980 -0.006083  0.007636 -0.012331  0.000000  0.005573  0.007583  0.000000  0.000000  0.000000  0.023716  0.000000  0.006802  0.005638 -0.007390  0.000000  0.010236  0.007791 -0.018850 -0.009721 -0.005935  0.019013  0.000000 -0.012196 -0.018207 -0.005452  0.023018  0.008475


Hessian

  -1.37e+05 -1.867e+04 -1.158e+04      -6932      -5737      -4824      -1219      5.021      -2121      -3166      -3231       4605       2342       1900       1473      706.2      -1208     -907.9       2059      -1318       1400      740.3       1869      857.2       1680       1853       2012       2136      624.2      -1999     -610.1     -424.8     -37.02     -116.2     -599.8      -1626      -3286      -2684      -1655      -3633      741.2     -732.3       1639       2823       4488       2713      620.4       1965       1015      913.6       1344       1086       3548       1767       1520       2202      214.1      259.2     -372.6      829.7      623.1      -3212      803.5     -542.8      770.7       2852       5488  1.069e+04     -507.5       7516      826.9       7073       3688       5516       8346       5584       5302       3332       1662       4798      685.3       2611       1606      653.7       -499       1289       4167       1215       2364       2747       2329       1643       2683       2489      273.2       1534      -2212      -1675      437.2      -1209     -98.43      68.83      -2561     -275.8      20.95      392.8     -839.3      490.2     -510.7       1891      -2084      352.3      169.9     -166.3      -3272     -277.9     -79.79      9.676      -1308      -8678 -1.295e+04      -2843      -3342       1122      274.3      -1289      -2791      -2492      -2173
 -1.867e+04 -1.312e+05 -3.731e+04 -2.249e+04  -1.64e+04      -7587      -6349      -8396      -4976      -3977      -2643      -1422       1548       1465      -1031      601.3     -474.5      601.7       1703       1716       3354       2226       1761      367.4      672.9        713       3837       2503      -2671      -3071      -1730     -507.7      346.8      287.6       1931     -931.6      -3023      -2927     -472.9      -2053     -898.5       1505       -596     -626.2       5670       3704       1058       3077      939.2     -450.9       1817      617.9        346      974.3       3147       2869      47.04      434.8      -1702      646.8      -1668      -2613      484.2      -3301     -140.8       6574       2533  1.049e+04       4849       2083       4395       6622       5043       4873       6352       7493       3636       1163       2772       4535      -1597       1088      965.6     -211.9      653.9      -1135      739.2      960.7       1264       1249       2607       2088       1875     -738.4      -1021        875      -6047      -4272      -3844      818.6      640.3     -753.2      -4149      -1213      124.5      -1346      -2538     -606.6      -1226      881.1      606.6        850      419.1      298.7 -1.248e+04      -2189      -1051     -10.98      -1445      -3578      -3563      884.4     -51.48       2101       2779     -421.4      -3077       90.5      454.1
 -1.158e+04 -3.731e+04 -6.149e+05 -1.442e+05 -7.583e+04      -8277 -1.869e+04 -1.553e+04      750.3      -6688      -2116       1214      -3179       2189       1653      -2061       3527      329.1       3100      -3927       7688        -79       2610       1880       6195       5253       7261       1414      -4146      -5134      -1181       -700      796.7       2254       1107 -2.685e+04      -8978      -4433       3096      -4367       3797       3526       3008     -722.8       5029       4538       3168       8533        130      -1252       1701       1359       2401      -2030       2298       2744       2144      -2313      -2493     -554.9      -3771       2450 -1.041e+04      35.56      533.8      -2464       9812  1.797e+04       2623       1693  1.332e+04  1.026e+04       9107       4978  1.069e+04  1.358e+04       2508       3340       7051       7897      -5094      790.1      -2860       4389      -7740      -1268      -1065       2890       1799       1823      -2943       3252       1509      -1796      -1191       1337 -1.131e+04      -7416      -3287      -1814       3120      -1970      -7920     -704.7      -1882      -1884       75.1       3974     -462.9       2737       4645 -3.277e+04      -6805      -1768      -7428      -1822      -4297      942.3      -1598      -4102      -3067       2272       1017       5484       3044       1653     -736.4     -304.5      -3360
      -6932 -2.249e+04 -1.442e+05 -5.225e+05 -9.965e+04 -1.383e+04 -1.463e+04 -1.088e+04 -1.073e+04       -480      303.6      -1371     -441.6      296.4      -3135        313       2087       1650      198.2       1761       5049 -1.353e+04     -334.7       1187       4762     -5.181       5310      477.7     -643.4      -6676      -1724      -1697      969.3      721.2      249.2 -1.424e+04      -3943      917.9       3218 -1.718e+04      -5820      270.6       2225      -3260      -3610       2092       1130       4003      675.7      858.6      888.3       1647      -4077       1078       2484       5930     -442.9      -3755      -1843     -181.4      -9159      274.7      -8646      -3259      -1066  1.018e+04       9801  1.239e+04      -4292      942.2  2.022e+04  1.631e+04  1.097e+04      -5526       1129       5920       4828      -9624       2357       6050      -2482      964.8      546.4       2695      -5439      -3718 -1.475e+04      929.8       1478       3531       3489      393.9        733      -2283      -2636      570.6      -5510 -1.043e+04      -6531      -1671      62.66      -5226      -5874      -4756      52.83      367.3      -5803       4367       1150       1524       2625 -2.009e+04      -7285      -2427      -7147      -2309      -1984      103.9      -1764      -2229      15.29       3548       1052       5109       5091       4109       3842       3819       1697
      -5737  -1.64e+04 -7.583e+04 -9.965e+04 -5.006e+05 -3.038e+04 -2.588e+04      -6803 -1.703e+04       3790       2609      -8388      -1115      797.4       2663       4847     -107.3       2833       3930      -4230     -841.5      -6591      353.7        973      -1900       -132       6222     -132.6 -1.012e+04      -3421     -551.5      326.1      -1582       2742       1471 -1.388e+04 -1.358e+04 -1.134e+04      -1175       2756      730.9       -267       3846      -3359       4556       1858       1099       6512       1515      663.8       1181     -219.5       1964      -2100       1119       4015       2399      877.6      265.2      -2228 -2.054e+04      -7929      -4824      -3468 -1.185e+04       3038       8517       9078     -229.4       6070       4058  1.079e+04       5818        523       7580       5452       2222      250.6       1110       4509      -4660       1148       -838       1488      -6410      -1343      -1696      -1297     -891.6       4262     -879.2       1447      488.5      -1523     -497.8      307.8 -1.344e+04 -1.341e+04      -5389      -5249      -3075       2048      -4569      -2643     -394.4 -1.289e+04      -3055       5129      13.62       1593       2796 -1.567e+04      -5819      -3112      -5640     -495.4     -905.8        534      -1097      -4664      -3868       1868      141.7      337.8       1751       4463     -297.1       3526       1369
      -4824      -7587      -8277 -1.383e+04 -3.038e+04 -2.847e+05 -1.155e+05 -1.724e+04      -9309      -8483      -8702 -1.187e+04      -2815      257.2      -1144      539.8      164.1     -927.7      517.3      -5549      -4294      -2030      118.2      -3647      598.8      -2143     -493.6       1502      -4153      -2123     -396.2       1667      -1982       -152      189.7      -5425 -1.117e+04 -1.295e+04  -1.25e+04 -1.032e+04 -1.187e+04 -1.106e+04       4351       2435      -4334       2959      875.9       2941       1244       1213        825      -1148      -2231     -139.5       1320       1737      -2052      -1093     -579.1      574.4 -2.214e+04 -1.611e+04 -1.944e+04      -7128      965.7       7101       7776       9579     -504.2       2987  1.323e+04  1.574e+04       2398       4206       6763       7289       8629       3340        -33       2114      -3488     -677.3      668.3      -5412 -1.112e+04      -4862      -5871     -580.2      -1065      -1427      -4368      787.8       1044       3844     -718.9       2766 -2.403e+04      -8598      -3189      273.7      -1172      -3245      -1064      -1856      764.3      -2823      885.6       6867       3824       1833       1980      -5535      -4298      425.5      -2583     -385.4      102.5      575.9      987.7      -2145      194.1       6094       1242       4507       3331       4261       5231       1410       3952
      -1219      -6349 -1.869e+04 -1.463e+04 -2.588e+04 -1.155e+05 -6.253e+05 -2.324e+04 -1.439e+04      -7750      -7772 -2.227e+04      -8145     -289.8      -3093      -1277       4045     -303.1       2064      -3192      -8720      -5552      -1088      -1664       3491      184.4       3565       2111      -9871      -3280      -1330       1808      -2865      139.2       1056      -1086      -4937      -8923 -1.192e+04 -1.617e+04 -1.097e+04 -1.631e+04     -964.9       1348      -7801     -188.4      -4027     -366.6      699.3       -162     -873.2      -3171      -8646      -4033       2266     -639.1      -1793     -444.9      -1658     -978.4 -3.223e+04      -9919 -1.467e+04     -956.5      -2947      -1178    1.1e+04  1.503e+04      -1119      -5164       4814  1.644e+04       2027  1.025e+04       3578       2234       9535       8265       2448       8387      -9493     -576.3       2680      -6666      -9001 -1.671e+04      -9824      -2458      -3256      -2198      -7446      -1863      -1729 -1.561e+04     -714.8      -6950 -1.677e+04 -1.119e+04      -7925      -2716      -3817      -3266      -4944      416.4       1273     -437.3     -64.01       7315       6770       3482       2304      -3385      -4559      -1595      -1031       2498       1228       1033       2403        744      -2844       4151       2458       8417       2284       4317       3930     -978.3       3911
      5.021      -8396 -1.553e+04 -1.088e+04      -6803 -1.724e+04 -2.324e+04 -4.814e+05 -4.685e+04 -3.169e+04  -1.82e+04 -1.589e+04      -6857      -1330      -3762      -4572      -7152       1137       1133 -1.943e+04      -5950 -1.166e+04      147.7      -6291      -3145      181.7       1643      -1603      -5780      -3066       1778     -418.6      -2926       2513      -1464 -2.708e+04 -1.669e+04 -1.114e+04      -9099 -1.267e+04 -1.509e+04      -9535      -5951      -6529      -3009       3185       2092       4775       2506      -2137      -2402       1052      -5207      -4623      -2941       3063       -931      -1811     -554.6      -3578 -6.724e+04 -2.649e+04     -2e+04 -1.521e+04      -2285      -3579      -5005       1348       8535     -534.9       6430      -1568  1.163e+04      633.7      -1783       6427      453.2     -883.3       2188       3838      -5283       4755      886.5 -1.096e+04 -1.405e+04      -9960      -6525     -581.6       1930       1540      -8824      -5927      -2669      -3122     -855.2      -1310      -6474      -6394      438.6      -1232     -373.7      -1688      -5142       3736       3782      684.2      180.7       3873     -693.1       5664       8723      -1363     -593.5       2196      -4047       1353       2857       1876       1570      456.7       -324       5685       1044       5898       6368       4196       4082       3018       3952
      -2121      -4976      750.3 -1.073e+04 -1.703e+04      -9309 -1.439e+04 -4.685e+04   -7.9e+05 -1.473e+05 -1.408e+04      -5118      -6654      -8954     -716.1 -1.076e+04      -6384       1976      -1123  -1.78e+04 -1.915e+04      -8982      -1311      -7685 -1.247e+04      -2047      -1751      -2889 -1.121e+04      -2477       2018      -2714      -3089      620.1       3372 -2.714e+04 -1.099e+04 -1.275e+04 -1.542e+04 -3.064e+04  -1.41e+04      -5240      -1631      -1432       2825      495.1       4389       6747       1210       1221      -3373      -4000  -1.64e+04 -1.483e+04     -599.2       2652     -261.8      -2286       1973      -1669 -2.166e+04 -1.579e+04 -1.785e+04 -2.241e+04      -3061       6671      -1979       5142      -2843  1.595e+04  2.194e+04 -2.478e+04      -1344       6016       1997       4852       6208       3989       2855      148.2      -8614       2051       6265      -8119 -1.395e+04       2300       3314     -770.6       4175     -785.9  -1.22e+04       3177      -9201      -2032       1330     -478.8      -8142      -8436      343.7       4052      -1810       1592      -2958     -296.5       3295       2715      -1139       4073      -1643       1440       -146      252.5      -2126       7.14      -3458       4474       3962       1890      -1720       1584      853.3       2115       5194      207.7       5498       5517       5359       1676       6433
      -3166      -3977      -6688       -480       3790      -8483      -7750 -3.169e+04 -1.473e+05 -4.902e+05 -2.861e+04      -7995      -7426      -6692      -4563      -1944      -4738       3179      -4203 -2.219e+04 -1.073e+04      -4714      -6057      -6399 -1.243e+04      -5341      -4546      -1533      -1199       1807       1146       1529     -22.68       1344       3350 -2.143e+04 -2.182e+04 -1.954e+04      -9404 -4.392e+04 -1.292e+04 -1.424e+04      -6534       1855     -936.6       4305       1690       7299       3526       -513      -1532      -1191 -1.697e+04      -8084      -2875       3373      -4149      -4465       3403      -3248  -2.47e+04      -3389 -3.237e+04      -9000       2432       2190      304.3       5323       3248       4774  1.396e+04  2.066e+04       6369  1.017e+04       9547       4488       6805       6172       2717      -1894      -6691       1844       6526 -1.135e+04 -2.636e+04      -9840     -445.7      -3114      499.3      -2525 -1.207e+04      -1501      -5739      -1643      273.7      -1431 -1.063e+04      -6442 -1.075e+04       4089      -1869      -2131      -4961      639.1       2111     -605.7       1320       5878       6012       5578       5242      -3413      863.2        367      -2089      709.5       2075       1386       1868       2093      -1486       2280       1931       6567       2251       4083       5445       3599       5601
      -3231      -2643      -2116      303.6       2609      -8702      -7772  -1.82e+04 -1.408e+04 -2.861e+04 -3.608e+05 -5.939e+04 -1.906e+04      -9839      -5818      -8700 -1.888e+04      -1057      -2769 -1.269e+04 -1.286e+04      -4794      -2646      -2259      -7265     -541.6      -4381     -299.7      -1078      -1385     -58.18     -409.7     -534.8       1616     -627.7 -1.491e+04 -1.204e+04      -5596      -8367 -1.193e+04 -1.135e+04      -7537        247       2099      -1607       3061       3129       1813       2358      912.2      534.4      -1166      -6260      -2642       1228     -905.5      -2147      -3399      148.6      259.6  -1.45e+04 -1.155e+04      -9290 -1.243e+04      -2304      -3154       4963       3203      440.8  1.384e+04       8797 -1.707e+04       8828      -1285      -1402       5414      -3677       4788       2891      986.6      -4505       1919       2986      -3048      -5558   -1.1e+04      -4109      485.7      -3343      633.1 -1.013e+04      -1135      -6114     -270.3      836.4      507.8      -2636      -5217     -437.5       1311      -2806      -2740      578.4       5759       2838      -1194       2031       3918       2360      959.4       3305       3120       1352       1114      328.3       2205       1811       1663      503.9      676.3       1572       6694      134.5       8171       5174       4539       6418     -674.5       3429
       4605      -1422       1214      -1371      -8388 -1.187e+04 -2.227e+04 -1.589e+04      -5118      -7995 -5.939e+04 -7.105e+05 -6.673e+04 -2.648e+04      -6036 -2.856e+04 -1.482e+04      -7141      -3541      -2800 -1.145e+04      -9898      522.4      -1063      -7060      -7107      -6768       1228       5613       2336      -1022       1330      654.7       2460       2332      -4533      -2824      -2337     -72.59      -2062      -6777      -3992      -1499       3329      770.8       2342      -2804       1317      152.3     -504.2     -952.2     -97.42      -6220       3294      -1142       2874      -1205      -1650     -764.3      76.66      -3437      -8475      -2770      -6462      -3662      -2138 -2.276e+04        456 -1.617e+04      -2664 -1.807e+04      -4673       8644      -8740      -5136      -4510       4589       1791     -128.9      229.7      -3559      815.4      971.2      -1255 -1.044e+04       1637      -1297       1179      -4525      290.4      -3461      -2003      -4272     -459.3      932.9     -847.3      -2370      -5641       -402      -2555      -1764       1678       1094       1693      -2664       4362     -315.5      -2218      -3124      -3611      -1403       1472      -1233      -1684       1610      405.5       1018       2270       1558       3001       2952       5702      553.6       2501       2113       1048       1779      -2441        847
       2342       1548      -3179     -441.6      -1115      -2815      -8145      -6857      -6654      -7426 -1.906e+04 -6.673e+04 -3.097e+05 -4.878e+04 -1.336e+04      162.8      -6602      -3927      -1134      -9273 -1.236e+04      -5788      -6271     -961.3      -6509      -4717      -5255      -1749      -2802     -878.1       -247      382.1      -1696      385.8      -2222 -1.023e+04      -6460      -1660      -5686      -3856      -4197      -5273       2970       3188      -1893       1536      -1392     -52.29       64.9      792.7      -2664      331.2       1825     -485.6     -660.6       1350      -3364     -58.39        106     -249.5  -1.87e+04      -3371      -2973      552.7      3.095      -2378      -1885     -249.5      -3630      -2280      -9848      -1111       5939      -4338      -1561      -3315      336.2      -3639      -3281      -1545      -1540      -1400      -1402      -3403      -1968      30.81      -5217      66.14     -987.5      -1193      -2579      747.7      -5018      32.46      525.5      -1225      -3872      -3385      -2345     -123.1      -7995      -2218       1125       6009       3512     -780.8      274.1      -1914       1999      439.4       3493       2246       2318      -1710      389.6      632.1       1250       1645       1506       3226       3119       3069       2617       2952      223.2       3509       4810       1598       1690
       1900       1465       2189      296.4      797.4      257.2     -289.8      -1330      -8954      -6692      -9839 -2.648e+04 -4.878e+04 -9.455e+04       1332      -3524      -7825      -1905      -2097      -3115      -5140      -4055      -3530      -2590      -2810      -2601      -1893      -2211      -1127     -228.1      713.4      99.55       -688      -1127     -426.6      -4278      -1795      -2931      -2158      -3865     -35.62      317.9       3967       1160       1083       2319      803.8       -497        195     -928.6      365.4      -1775      -4252        658     -218.5      844.6      -1169      354.7      830.8      55.41      -5462       1440       3655       1654     -821.6      -4588      -5107       2715       2047      -3804      -5750       2091       1568      -1061      -2111      -2344      -2893       1023     -82.47      -1281     -400.7     -387.9      -1853      -2285      -2624     -765.1      -4910     -581.1      -1854      -1175      -3063      -2181      -5108      -2631      477.1     -946.1      -1696       1967     -501.7      -1159      -1064      -1746       1379       1677       1214      642.9       1516        993      223.2      -1735      390.2      684.8       1667      254.2       2876      969.6       1079       1209       1880       2250       2583       2315       2819      803.9       1676       1792       1528       1021       2855
       1473      -1031       1653      -3135       2663      -1144      -3093      -3762     -716.1      -4563      -5818      -6036 -1.336e+04       1332 -5.001e+04      -2239      -2107     -7.397      -1138      -3361      -6501      -3994      -1266      351.7      -4056      -2611      -2732      -1253      -1393      710.6      863.5      583.6     -963.8     -678.3      -1131       1001      528.7      432.2      -2229     -940.1      -3632      -2345      -1509      879.5     0.6872      843.2     -868.5       1201     -657.3     -67.35      92.36      524.5       2694      187.8      585.5      907.6     -217.7      430.5       70.1      -1128     -797.2      -3047      -6069      -1099      426.9     -59.25      -1112      -3247       2216      759.5      -7144      -2160       4755      -1196     -370.8     -495.7      -1818     -265.9     -513.9     -780.6      -1322     -677.2      150.7        975      -2697      -2142     -973.8     -435.3      -1638     -663.6      238.2      -1811     -767.9      418.4        737     -43.96     -813.3     -173.8       1095     -697.6      -3796      256.4       -268      876.2       1300      841.1      863.4     -667.3      517.7       2133      821.9      290.9       1026     -630.3      758.2       1203       1151      217.4       1022       1053       1144       2135      991.7       1016      530.3       2122       1760       1802       1703
      706.2      601.3      -2061        313       4847      539.8      -1277      -4572 -1.076e+04      -1944      -8700 -2.856e+04      162.8      -3524      -2239 -8.709e+04      -5170      -3744      -2122      -3139      -4637      -1765     -587.8      492.4      -5454      -1743      -2957      -1504     -406.5      267.3      120.4      362.2     -628.5     -394.1     -568.6      -3656      -3855      -4124     -705.2      -3847      -2864      -1948      -3870        139      -3608     -36.37     -179.1     -641.8        630      353.6      122.9       -193      -4071     -42.41     -995.8      445.8     -961.1      625.9      692.1     -165.1     -813.6     -818.2     -393.9      -1735      5.844 -1.037e+04      -2066      -4907      -2825      -6809      -9008       4232       3097       1313      16.82       1636      642.5      -1843      358.6      -1708       -465      954.5      874.5      -2638      8.029      -2174     -205.5       1131      115.8     -531.9      -1938     -572.5      -2610      685.6       1331      -1609      -3594      -1495       1012      171.4     -59.46     -39.89      987.4       2448       1809       1539       1190      870.5     -920.8      24.75       -668       1566      107.3      989.4      680.7       1057       1051      609.6       1266       1251       1125       1353       2045       2932       2129       1984       1764       -322       1394
      -1208     -474.5       3527       2087     -107.3      164.1       4045      -7152      -6384      -4738 -1.888e+04 -1.482e+04      -6602      -7825      -2107      -5170 -1.896e+05 -1.634e+04 -1.436e+04      -2758      -8371      -3124      -2712     -805.8      -3751      -2819      -1325     -595.5      -2765     -213.6     -652.2     -321.6      -1607     -753.6      568.7      -4337      -7758      -7211      -4618       2807      -5453      -5739      -1151       1447       4351       1826       3343       2380     -441.3     -15.73      -1087      -1758      -1708      -1008      -1308     -31.56     -740.3      -1439        518     -883.1      -4986 -1.299e+04      568.8     -682.1      -1515      -9795      -4054     -951.6      262.8      777.4      -8791       1939       3634      993.6       1066      -1164      -1413      721.9       1582       1080      -2088      235.7       1605      224.2       1155      205.3       1903      48.23     -359.7       2232      -3094     -549.7      -1851      2.179      586.1      -2179      -2398      431.5     -795.4       2772      -2843     -278.5      -1369       1083       1325      335.9       2361       1316      521.9      -1578      -1928       2567      578.2     -54.62       1607       1992      698.2       1062     -426.5      956.5      599.9       3737       3645       1015       2880       3099     -513.8       1477       2526
     -907.9      601.7      329.1       1650       2833     -927.7     -303.1       1137       1976       3179      -1057      -7141      -3927      -1905     -7.397      -3744 -1.634e+04 -1.081e+05      -4909       2273       1755      -1492      -1249     -313.6       -636      -2101     -776.5      671.9      -2565       -236     -493.6     -121.9     -784.7     -530.7     -195.5       4627       1190       1857       1706       1618     -388.8      -1696     -228.2      975.2      -1271      -2314     -666.4     -505.9     -738.9       1101     -571.2      -1897      -3819     -480.2     -243.4      -2222      185.5      -2069      804.6     -219.6       3605      355.5      841.8       2880      -1574      -1927      992.4      -1175      -3674 -1.065e+04      -3899      -3775      -6457      -3824      -1360     -634.8      -1411     -726.7      445.7     -957.3     -248.2      -1338       2671       1218     -116.4     -898.3      333.4      741.3      999.3      438.2       2460      733.6     -613.3       2590      335.7       1790     -100.9       1752       3105      612.3       1034       1170      579.2       1505     -148.2      672.5      964.8      929.7      697.4      374.3     -81.29     -861.3      572.2     -148.9       1070      674.5      982.9      562.2       1059      626.4       1218      794.5       1280       1279       1390       1661      648.3       1271      626.2
       2059       1703       3100      198.2       3930      517.3       2064       1133      -1123      -4203      -2769      -3541      -1134      -2097      -1138      -2122 -1.436e+04      -4909 -1.171e+05       1560      -4093       -933     -882.5      495.3      -2944      -1168     -96.58     -674.7      127.3      370.5       1698      699.4      246.8      188.3      825.6       1154        822      686.3      -3829     -225.6      -3513      -2488      -1540      -3965      -1287     -237.9       -988      -2412      -1450      -2354      -1312      -2198      -2936     -801.5       -742     -527.2     -514.6      -1556      379.3      -1012      -2876      -1641       2998      -1083     -390.8      -1030      -5500      -5932      -6894      -3656      -2277      -9836      -1766      -1748      -7536      -5546      -5193      225.1     -682.8      -2895      203.6      -1200     -140.9     -332.9      -1105     -615.4      -2439     -828.6      -1057      33.06      -2074      -3076      -1969      679.6      884.9      632.3       1343       1908      -1024       1138        197      69.61      639.1       1404       1558     -993.8       2397       1040       3310     -879.1      774.8       2621      24.88     -573.7       1720        108      381.4        481       1504      470.9       1707       1959       2002      944.8       1247       2261      -1220      728.1      719.5
      -1318       1716      -3927       1761      -4230      -5549      -3192 -1.943e+04  -1.78e+04 -2.219e+04 -1.269e+04      -2800      -9273      -3115      -3361      -3139      -2758       2273       1560 -3.708e+05 -1.157e+05 -1.609e+04      -4639      -3551 -1.848e+04      -7247      -5411      -3574      -2104      -1415     -611.9       1332      -1669      -2268      -1421 -1.533e+04      -8597      -7832      -7996      -6342      -6147     -223.6      982.2       1759      -7033       3516      480.6       1696      625.8      -1737     -511.8       2621      -3213      -3281      -1656     -306.7     -177.7     -496.2      420.9     -872.3 -2.475e+04 -1.028e+04 -1.008e+04      -4935      -2605      -1241       1655      650.3      -5958       2462      -1448       1125      -1561       3525       2458      871.2      -3320       6481       3622       5221      -5038      -1013       1100      -4426      -6324      -4730      -4793      -1126       1568      -3590      -4292      179.6      -2329       1602      501.6       -935      -5637      -8791      -1654       2034      519.5     -82.91      -1753      149.7       1980      -1610       1155       1484       3544      -1429      -1687      205.4       2141     -555.5      223.1       1493       2546       1628       -273      160.9      619.2       2780        360       4974       7408       2436      47.98       1860       3385
       1400       3354       7688       5049     -841.5      -4294      -8720      -5950 -1.915e+04 -1.073e+04 -1.286e+04 -1.145e+04 -1.236e+04      -5140      -6501      -4637      -8371       1755      -4093 -1.157e+05 -4.034e+05 -3.225e+04      -8499      -6252 -4.466e+04      -8079      -5295      -2459      -5108      -4695      -1241     -765.5      -1020     -443.6     -503.5 -1.031e+04      -1824      -6329 -2.126e+04 -1.276e+04 -1.139e+04      -6209      -3343       1943      -1170       1348      -1444      -2052       1958      -4267       -285     -617.1 -1.108e+04      -4713       2592       2136     -342.6      -1587       1149      -2531 -2.133e+04 -1.034e+04      10.81      -4197      952.9      -2529 -1.233e+04       3066     -691.5 -1.306e+04      -1127       3872       3952      -1668       2029      -2455       2057       5925       1440       1286     -491.9      268.4      -1147      -4598      -5909      -2052      -1720     -716.6      61.29      -1656      -4621      -3067      -2976       1189      337.7      -2396      -2302      -5811      -4009       3839       3673      -2998       2521       6018       1611      538.2       1053      8.567       1174       2126       1994      753.1       2953       2155       2892       1241       1986      924.1       1443       2039     -145.6       4749       2049       3186       7086       3876      -1325       3241       3537
      740.3       2226        -79 -1.353e+04      -6591      -2030      -5552 -1.166e+04      -8982      -4714      -4794      -9898      -5788      -4055      -3994      -1765      -3124      -1492       -933 -1.609e+04 -3.225e+04 -2.934e+05 -2.154e+04 -1.341e+04 -1.154e+04      -4447      -3415     -721.2      -8173     -730.3     -901.7      59.23      -2053       1398       1157     -321.6      -7068      -3948      -8187      662.2      -1803      -1304       2843       3310      -2680       4288       1691      -1226       1038     -314.7      -1775      354.1      -1092      222.9       3708       2273      894.7     -678.9       1082       1226      -2564 -1.077e+04       2398      23.24     -805.7       9293       5353     -702.9       3130      -1652       7768  1.077e+04       5020      -1858      -2297      -1745      -1061      -7897      480.6       1649     -845.8       1508       2480      -5113      -4472      876.9      -2255      722.2      -2143      171.6      -4411     -587.7      -3089      904.5        456      234.9      -3109      -1322      -2259       2977       3428      -3347     -39.66       2746      427.3       3245       1559       2720       4050       4417       1551      857.1      -1187       1811       1236       1134       1315      628.4       1792       2889       2306       2957       2581       5311       4411       3249       3066       4338       3582
       1869       1761       2610     -334.7      353.7      118.2      -1088      147.7      -1311      -6057      -2646      522.4      -6271      -3530      -1266     -587.8      -2712      -1249     -882.5      -4639      -8499 -2.154e+04 -1.005e+05      263.1      -5748      -6922      -4515      -2049     -359.8     -101.5     -597.9      224.1     -269.4      936.7      -1027     -720.8      -2169      -3686      -3570       1758      -2718      -1887       1670     -945.6       1358       1660     -53.03     -663.5      312.2       1175      468.5     -229.1      -2179       1927     -678.4      788.6     -212.9     -373.4       1064     -530.4       1502       2806       2257     -365.6       1915     -675.2     -536.7       1799       2982      -4958      -1410      -2915      16.84     -515.9      -4639      114.4       1552     -750.9      635.2     -378.3     -383.9     -695.2      255.3      -1032      806.1     -242.4       -913     -530.8      -1523      -2135      -1828      -2175      -3565      422.4      694.1     -393.5     -871.9       1641       1889      -1881      -1037     -843.6       1697     -629.4      287.8      459.2       1740      -1045      854.9      944.1       1421      457.7       1662     -242.7       1750      960.7      733.6      644.8      963.9       1033       2025       2474        948     -15.66      228.9       1209       1677       1727        709
      857.2      367.4       1880       1187        973      -3647      -1664      -6291      -7685      -6399      -2259      -1063     -961.3      -2590      351.7      492.4     -805.8     -313.6      495.3      -3551      -6252 -1.341e+04      263.1 -7.637e+04      -4521      -2994      -2396      -2677      -1444       -165       1011      194.9     -415.5      -6.27        457       1068      183.5     -604.5       3351      -3619      -2447      763.2       2174       3159     -155.5       3944       1803      338.6       2394      -1027     -338.7      67.72       1280     -96.61       1333       1882     -548.1      955.4      270.8      686.2      -1133       2490       1848       1135       3663       4937       5357       7212       4337       1070       8751       8652      696.1       3009       4097       2531       1018       2166      228.2       4202     -463.4      664.3      993.8     -973.6      -2018      488.6       3209     -552.9     -296.8      680.1     -94.11     -149.6      77.41      -1379     -430.4     -514.9       2895       1047     -529.9      417.4     -213.2      -1984        306      341.8      955.8      589.6       1086        656      945.8       75.9      56.62      956.2     -685.9      552.2      968.4       2005       1360      230.6       1566       1182       2828       2180      671.5      -1021       1324       1852       1453     -65.47       1285
